.Random.seed <-
c(403L, 98L, 1212779268L, -1433999024L, 1729030674L, -211605621L, 
1213636104L, -1998971590L, 983213564L, 302807704L, 807970001L, 
-1472319209L, -599810192L, 1721116006L, 1094272882L, -637655175L, 
-125423795L, 2114593379L, 1426668762L, 12349266L, 597868599L, 
1108924037L, 746161874L, 1192331773L, 1248951571L, -1299611247L, 
1940588758L, -519018581L, 12822754L, 316283120L, 742140134L, 
593751333L, 1803223163L, 396619526L, -1427064948L, -474244318L, 
578193810L, -1315330808L, 698681538L, 1332859367L, 348931377L, 
578866104L, -1288454210L, -1849498910L, 1495163204L, -1441148135L, 
-178389851L, 57109545L, -757174337L, 1619201758L, 706951851L, 
-1532899332L, 661767133L, 1288972910L, 1277175905L, 367383872L, 
1115826711L, -1698040449L, 631326147L, 1066672726L, 1775369390L, 
-1225380993L, 762719511L, 163047665L, 1793167588L, 236885962L, 
-844751890L, -293371558L, 1098174533L, -1973351496L, -1734218611L, 
1919228961L, 1200235849L, -1490405028L, -986446889L, 1001963995L, 
-1683104638L, 1335986831L, -1618734352L, 2109132908L, 1611267351L, 
-1374953025L, 1722673706L, -56090868L, 586832819L, 125822418L, 
-89886874L, -1031216258L, 2109458606L, -1648684876L, -1098616674L, 
2000025924L, -752510356L, -1110326976L, -1672484684L, 752872818L, 
-663975376L, 1331019050L, -620868974L, -1904917429L, -1421584972L, 
1811808028L, -1962577514L, -425690788L, -243082034L, 252991949L, 
1684081433L, -859042348L, -1995725373L, 502449555L, 459677344L, 
44805513L, -1813964540L, 1904849277L, 583756274L, 209910496L, 
-1985417790L, -1221637970L, 1206552803L, -876886371L, -516285345L, 
-1380706171L, -228101164L, -182813581L, -2033075122L, -1946195538L, 
2091763584L, -1543680900L, -1655358191L, -138979980L, 675196972L, 
-472194500L, 1379903248L, 1360270745L, -1234461206L, 1853256490L, 
-305674986L, 573692859L, -1531338312L, 1450247431L, -189160622L, 
747177215L, -502418308L, -1931339369L, 132038204L, 1494170836L, 
-1783823895L, -1196439410L, 163125236L, -18579988L, 297771307L, 
587071855L, 1677070213L, 1772475301L, 1798223123L, -78750036L, 
1181183366L, -836830381L, -2038825228L, 2042610272L, -1200513879L, 
1847568885L, -41871278L, 599420341L, -881734608L, -1307352050L, 
-629350116L, 1777227340L, -132308268L, 1263757653L, 1602756520L, 
1437931850L, 1183243586L, -2106085515L, 2133612548L, -551873643L, 
-1640774752L, 520119553L, 2079013112L, -946375146L, -1082932814L, 
360418319L, 951829002L, -582097948L, 1989290111L, -1810465213L, 
1394323633L, 1067020352L, 755919103L, -1308334702L, -35363727L, 
667588672L, -1641805698L, 455767815L, -740300426L, -1305153531L, 
1255150922L, -584822698L, 249749813L, 1829724929L, 214524021L, 
1942742892L, 1580298606L, 1672705328L, 651436283L, 1748737899L, 
-1340113933L, -2122488304L, 1690056144L, -144822337L, 1586618510L, 
-1181632164L, 1356077491L, 397228748L, 1129180173L, -2019971379L, 
1647191522L, -2130334945L, 501287006L, -1097855739L, -1041593973L, 
-533754237L, 2057395398L, -1214276222L, 439260422L, 320542241L, 
-937941876L, -2125062863L, 2135309742L, -580640762L, 375450498L, 
2143470009L, -298885701L, 1462917343L, 1111212560L, -1752444241L, 
1257182074L, 1197848371L, 1155414464L, 920372993L, -1883587925L, 
-67925715L, 1194333450L, 1891976478L, -1180136723L, -329659255L, 
1915211892L, 1298807799L, 525771866L, 766926837L, 1512375066L, 
-1531657523L, 1156716548L, 429254572L, -330997307L, -1200393052L, 
-2009160676L, -542488413L, -1489567704L, 1237489586L, 1026975368L, 
-620723836L, 161970942L, -556418815L, 1535325550L, -52304096L, 
977334473L, -967401040L, 213029474L, -15467165L, -632907825L, 
1751651228L, -69399652L, -1276089174L, 1253863020L, 736715353L, 
1630419163L, -711622883L, -1275660940L, 1256567097L, -233223856L, 
1612838699L, 214397816L, -1292733760L, -1856736951L, -1485683480L, 
-356388970L, -782365903L, 725217119L, 93702910L, 215949383L, 
-1032883173L, -1164185962L, -867449901L, 1895222461L, 2135433791L, 
1331827389L, -1213327487L, 253529852L, 896538507L, -1158511010L, 
547410358L, 749581946L, -1408820136L, -389727022L, -772260480L, 
1727783912L, -2037587757L, -1531942965L, -1409248087L, 1040633661L, 
-573949714L, 485294684L, 1878965229L, -1895873802L, 1899879890L, 
1575638601L, -288979134L, 1618675597L, 545597039L, 43665274L, 
1760179927L, -1303076326L, -1008612093L, -514046781L, -351005382L, 
-2040218841L, 1459246306L, -1261452668L, -2011802249L, -141228895L, 
-246716684L, 1759198639L, 1749018567L, -297569949L, 2005927774L, 
-1054658653L, 2067895467L, -580232315L, 2040899607L, -1718200576L, 
1889704306L, 1399632498L, -1769376454L, 1345551818L, 113959982L, 
2114167980L, -589122028L, -1872675525L, 959242517L, -364001429L, 
1953150085L, -22206571L, 147510571L, 2124147260L, 91382341L, 
-611638558L, -1622175495L, -1896293587L, -1242492848L, 1442390698L, 
-1538222064L, 12120179L, 1526963771L, 632873527L, 1673387635L, 
1347277759L, -1103689421L, -885016718L, -910442261L, 1858183812L, 
1315058961L, -178016783L, -811936271L, 1888135847L, -1513971015L, 
686282368L, 448336002L, -1702813145L, -495469885L, -977504494L, 
367888843L, 1544854318L, -548680813L, 1231585900L, 760920960L, 
-413860498L, 1659297585L, 613900779L, -901506802L, -1367660771L, 
-56860424L, 1497660777L, -206035393L, 1177202420L, 1210804376L, 
-1982318150L, 770948436L, -9722076L, 1935808815L, 1579315353L, 
301375253L, 1848881091L, -1288100443L, -1687029993L, -749557109L, 
491970680L, 1277310098L, 1111642556L, 1690307461L, -473992396L, 
841503479L, 1233472497L, -744810360L, -1835792585L, -153054832L, 
1864640998L, -1677749273L, -707117978L, 646154455L, -610713706L, 
-1391265567L, 1042797698L, 535446941L, 851101261L, -280360876L, 
-919186854L, 133389092L, -688893177L, -1538644246L, 284893946L, 
-940575271L, 1328705729L, -1834425978L, 820655124L, 934229535L, 
1684868287L, 1775843552L, -1530558188L, -1803441131L, 1898641293L, 
907744722L, 906923346L, -683660402L, -1515205770L, -1817345511L, 
1974901222L, 1952903210L, 1545906186L, 799092789L, -805896232L, 
-1017266872L, 920390737L, 1624513576L, 1531471800L, 1928877971L, 
1978807275L, -327875523L, -622943632L, 1575155022L, -1072800576L, 
-1945180165L, -1031154238L, -1344602022L, -469096725L, -1382567092L, 
657960206L, -1446050711L, -1484605715L, -128799342L, -1065480280L, 
1134678664L, 739797600L, -1878337805L, -499114604L, 568407387L, 
1050084650L, -841473936L, -254156648L, 976959456L, 1178500441L, 
1060409269L, -1534692784L, -1345744941L, -623170185L, -1436048022L, 
1834868166L, -1641056947L, -1429916374L, 2112340645L, -1366378361L, 
1007102004L, 650821786L, -1555757243L, -195216920L, 1892743245L, 
1327752973L, 152349356L, -11936983L, -1250409542L, -2048072634L, 
-605220095L, 1208600704L, -1057076781L, -269682402L, 1139310460L, 
278798409L, 2019168103L, 1620890225L, -1530463467L, 1507526675L, 
-925009757L, 51333873L, -2119654244L, -1805467072L, 1023978157L, 
1229579050L, 191320035L, -172122812L, 1909286435L, -1981186330L, 
-1241985988L, 2049267336L, 1827296826L, -829808875L, 730557611L, 
1246505688L, 261648247L, 1791266399L, -38203225L, 41619319L, 
1514920313L, -472458581L, 400069960L, -1762624674L, 1832105777L, 
-1916642353L, -563284493L, 460745380L, 472741697L, 327606562L, 
1077781904L, -622273391L, -1360742643L, 2023072140L, 356384377L, 
-1711315984L, 340175683L, -1118514126L, 32849468L, 615757496L, 
-1334725096L, 363937121L, -1735025492L, 2070593893L, 452463336L, 
1456471906L, -1490610822L, -183214514L, -850935452L, -64301210L, 
-905917027L, -15261319L, -234809171L, -1952954756L, 597654791L, 
2069468621L, 1608971328L, 1296874515L, 1214959479L, 923469417L, 
950032392L, -339929708L, 1930335505L, 1853543432L, -147702148L, 
-1482883825L, 1163028232L, -41686449L, -18685319L, 430545918L, 
-724983032L, -1611255454L, -823846802L, -1379511264L, -428539436L, 
-943860592L, 1734004697L, -633385285L, -802534447L, -419145291L, 
-812686547L, 1229660927L, -1343228241L, 638812987L, -417175974L, 
-1239825887L, -257019207L, -1089429070L, -1046398362L, -1409435686L, 
-1167686044L, -1801833392L, -526464456L, 483491786L, 627124094L, 
